image_width: 1392
image_height: 512
camera_name: karlsruhe
camera_matrix:
  rows: 3
  cols: 3
  data: [9.569475e+02, 0.000000e+00, 6.939767e+02, 0.000000e+00, 9.522352e+02, 2.386081e+02, 0.000000e+00, 0.000000e+00, 1.000000e+00]
distortion_model: plumb_bob
distortion_coefficients:
  rows: 1
  cols: 5
  data: [-3.750956e-01, 2.076838e-01, 4.348525e-04, 1.603162e-03, -7.469243e-02]
rectification_matrix:
  rows: 3
  cols: 3
  data: [9.998691e-01, 1.512763e-02, -5.741851e-03, -1.512861e-02, 9.998855e-01, -1.287536e-04, 5.739247e-03, 2.156030e-04, 9.999835e-01]
projection_matrix:
  rows: 3
  cols: 4
  data: [7.070493e+02, 0.000000e+00, 6.040814e+02, 4.575831e+01, 0.000000e+00, 7.070493e+02, 1.805066e+02, -3.454157e-01, 0.000000e+00, 0.000000e+00, 1.000000e+00, 4.981016e-03] 
