image_width: 1392
image_height: 512
camera_name: karlsruhe
camera_matrix:
  rows: 3
  cols: 3
  data: [9.011007e+02, 0.000000e+00, 6.982947e+02, 0.000000e+00, 8.970639e+02, 2.377447e+02, 0.000000e+00, 0.000000e+00, 1.000000e+00]
distortion_model: plumb_bob
distortion_coefficients:
  rows: 1
  cols: 5
  data: [-3.686011e-01, 1.908666e-01, -5.689518e-04, 3.332341e-04, -6.302873e-02]
rectification_matrix:
  rows: 3
  cols: 3
  data: [9.998134e-01, -6.606294e-03, 1.815174e-02, 6.637329e-03, 9.999766e-01, -1.650024e-03, -1.814042e-02, 1.770195e-03, 9.998339e-01]
projection_matrix:
  rows: 3
  cols: 4
  data: [7.070493e+02, 0.000000e+00, 6.040814e+02, -3.341081e+02, 0.000000e+00, 7.070493e+02, 1.805066e+02, 2.330660e+00, 0.000000e+00, 0.000000e+00, 1.000000e+00, 3.201153e-03] 
